name: AnnoSINE
channels:
  - bioconda
  - conda-forge
  - defaults
dependencies:
  - _libgcc_mutex=0.1=conda_forge
  - _openmp_mutex=4.5=2_gnu
  - blast=2.12.0=hf3cf87c_4
  - bzip2=1.0.8=h7f98852_4
  - c-ares=1.18.1=h7f98852_0
  - ca-certificates=2022.6.15=ha878542_0
  - cached-property=1.5.2=hd8ed1ab_1
  - cached_property=1.5.2=pyha770c72_1
  - cd-hit=4.8.1=h5b5514e_6
  - curl=7.83.1=h7bff187_0
  - entrez-direct=16.2=he881be0_1
  - gettext=0.19.8.1=hf34092f_1004
  - gmp=6.1.2=hf484d3e_1000
  - gnutls=3.5.19=h2a4e5f8_1
  - h5py=3.7.0=nompi_py37hc97082c_100
  - hdf5=1.12.1=nompi_h2386368_104
  - hmmer=3.3.1=he1b5a44_0
  - icu=70.1=h27087fc_0
  - keyutils=1.6.1=h166bdaf_0
  - krb5=1.19.3=h3790be6_0
  - libblas=3.9.0=15_linux64_openblas
  - libcblas=3.9.0=15_linux64_openblas
  - libcurl=7.83.1=h7bff187_0
  - libedit=3.1.20191231=he28a2e2_2
  - libev=4.33=h516909a_1
  - libffi=3.2.1=he1b5a44_1007
  - libgcc-ng=12.1.0=h8d9b700_16
  - libgfortran-ng=12.1.0=h69a702a_16
  - libgfortran5=12.1.0=hdcd56e2_16
  - libgomp=12.1.0=h8d9b700_16
  - libidn2=2.3.2=h7f98852_0
  - liblapack=3.9.0=15_linux64_openblas
  - libnghttp2=1.47.0=h727a467_0
  - libnsl=2.0.0=h7f98852_0
  - libopenblas=0.3.20=pthreads_h78a6416_0
  - libssh2=1.10.0=ha56f1ee_2
  - libstdcxx-ng=12.1.0=ha89aaad_16
  - libunistring=0.9.10=h7f98852_0
  - libuv=1.43.0=h7f98852_0
  - libzlib=1.2.12=h166bdaf_1
  - ncurses=6.3=h27087fc_1
  - nettle=3.3=0
  - nodejs=17.9.0=h96d913c_0
  - openssl=1.1.1q=h166bdaf_0
  - pcre=8.45=h9c3ff4c_0
  - perl=5.32.1=2_h7f98852_perl5
  - perl-archive-tar=2.40=pl5321hdfd78af_0
  - perl-carp=1.50=pl5321hd8ed1ab_0
  - perl-common-sense=3.75=pl5321hdfd78af_0
  - perl-compress-raw-bzip2=2.201=pl5321h87f3376_0
  - perl-compress-raw-zlib=2.105=pl5321h87f3376_0
  - perl-encode=3.18=pl5321hec16e2b_0
  - perl-exporter=5.74=pl5321hd8ed1ab_0
  - perl-exporter-tiny=1.002002=pl5321hdfd78af_0
  - perl-extutils-makemaker=7.64=pl5321hd8ed1ab_0
  - perl-io-compress=2.106=pl5321h87f3376_0
  - perl-io-zlib=1.11=pl5321hdfd78af_0
  - perl-json=4.07=pl5321hdfd78af_0
  - perl-json-xs=2.34=pl5321h9f5acd7_5
  - perl-list-moreutils=0.430=pl5321hdfd78af_0
  - perl-list-moreutils-xs=0.430=pl5321hec16e2b_1
  - perl-parent=0.238=pl5321hd8ed1ab_0
  - perl-pathtools=3.75=pl5321hec16e2b_3
  - perl-scalar-list-utils=1.62=pl5321hec16e2b_0
  - perl-types-serialiser=1.01=pl5321hdfd78af_0
  - pip=22.1.2=pyhd8ed1ab_0
  - python=3.7.4=h265db76_1
  - python_abi=3.7=2_cp37m
  - readline=7.0=hf8c457e_1001
  - repeatmasker=4.1.2.p1=pl5321hdfd78af_1
  - rmblast=2.11.0=h6200dbe_0
  - setuptools=63.1.0=py37h89c1867_0
  - sqlite=3.33.0=h62c20be_0
  - tk=8.6.12=h27826a3_0
  - trf=4.09.1=hec16e2b_2
  - wget=1.20.3=ha56f1ee_1
  - wheel=0.37.1=pyhd8ed1ab_0
  - xz=5.2.5=h516909a_1
  - zlib=1.2.12=h166bdaf_1
  - pip:
    - cycler==0.10.0
    - kiwisolver==1.3.1
    - matplotlib==3.4.2
    - numpy==1.20.3
    - pillow==8.2.0
    - pyparsing==2.4.7
    - python-dateutil==2.8.1
    - six==1.16.0
